aa_pos	var_aa_intermam
1	0
2	0.00033325
3	0.0181065
4	0.000655223
5	0
6	0
7	0.3099
8	0.0349072
9	0
10	0.290084
11	0.100412
12	0
13	0.386955
14	0.427662
15	0.264934
16	0.00331518
17	0.0681759
18	0.00071243
19	0.267948
20	0.365765
21	0.397619
22	0.223122
23	0.0149805
24	0.197502
25	0.392722
26	0.047428
27	0
28	0.111236
29	0.318616
30	0.143017
31	0.0294567
32	0.0113644
33	0.321612
34	0.490722
35	0.297953
36	0.00257569
37	0.000766677
38	0.354928
39	0.191459
40	0.002558
41	0.00313109
42	0.131103
43	0.157333
44	0.13457
45	0.294452
46	0
47	0.0778051
48	0.0022876
49	0.57121
50	0.41274
51	0.238472
52	0.0443695
53	0.469488
54	0.129391
55	0.000382114
56	0.0313201
57	0.0208296
58	0.187754
59	0.67716
60	0.161783
61	0.000545323
62	0.10699
63	1
64	0.029547
65	0
66	0.135566
67	0.0653073
68	0
69	0.395498
70	0
71	0.000192129
72	0.00631638
73	0.127393
74	0.000751871
75	0
76	0.00156146
77	0.192469
78	0
79	0
80	0.0623444
81	0.0647049
82	0.000338915
83	0
84	0.0539055
85	0.0354718
86	0.000608297
87	0
88	0.0298192
89	0
90	0.0179482
91	0.00750075
92	0
93	0.000352718
94	0.00061734
95	0
96	0.00329097
97	0.00163597
98	0
99	0.000352718
100	0.0619038
101	0
102	0.00731392
103	0.0120714
104	0
105	0
106	0.0263327
107	0
108	0
109	0
110	0.0199133
111	0.0689628
112	0.354089
113	0.00112135
114	0.346256
115	0.265479
116	0
117	0.0129227
118	0
119	0.52479
120	0.0120994
121	0.03924
122	0.000382114
123	0.272562
124	0.05499
125	0.0346436
126	0
127	0
128	0.0655704
129	0
130	0
131	0.00892037
132	0
133	0
134	0
135	0.432036
136	0.244266
137	0
138	0.00231745
139	0
140	0.0105993
141	0.000288194
142	0.102822
143	0.055132
144	0.000187197
145	0
146	0.0030844
147	0.00229966
148	0
149	0
150	0.0186258
151	0
152	0
153	0
154	0.436497
155	0
156	0
157	0
158	0.00109786
159	0
160	0
161	0
162	0
163	0
164	0
165	0
166	0
167	0
168	0
169	0
170	0
171	0.197299
172	0.00961733
173	0
174	0.000311996
175	0
176	0.0586935
177	0.0284295
178	0.0981548
179	0.0207684
180	0.216922
181	0.000319461
182	0.270792
183	0.544575
184	0.00874019
185	0.142885
186	0.400472
187	0.466253
188	0.354478
189	0.00979429
190	0.453877
191	0.108769
192	0.014895
193	0.00383902
194	0.238772
195	0.0589487
196	0.000393364
197	0.270119
198	0.038482
199	0.000475528
200	0.0105491
201	0.123705
202	0
203	0
204	0.0165796
205	0.00196199
206	0
207	0.00121625
208	0.205077
209	0.00661006
210	0
211	0.00742967
212	0
213	0
214	0
215	0
216	0
217	0
218	0.000187197
219	0.0158698
220	0
221	0
222	0.0151009
223	0.00923904
224	0.0110679
225	0.00374195
226	0.0342385
