aa_pos	var_aa_intermam
1	0
2	0
3	0
4	0.668734
5	0.0164253
6	0.315732
7	0.130816
8	0.00536186
9	0.61289
10	0.0120093
11	0.000914521
12	0.251361
13	0
14	0.107263
15	0.0537565
16	0.0217441
17	0.147398
18	0
19	0.0243636
20	0.990974
21	0.414624
22	0.305683
23	0.0564669
24	0
25	0.0922235
26	0
27	0.619867
28	0
29	0.706334
30	0.487847
31	0.120296
32	0.0851552
33	0.119298
34	0.00461212
35	0.0369184
36	0.40013
37	0.293775
38	0.0842447
39	0.0217013
40	0.467282
41	0.337978
42	0.35826
43	0.0521291
44	0.00240183
45	0.522447
46	1
47	0.12508
48	0.10848
49	0.152106
50	0.054817
51	0.034381
52	0.464336
53	0.000170152
54	0.323368
55	0.693466
56	0.0208157
57	0.00193742
58	0.0875777
59	0
60	0.500713
61	0
62	0.00187523
63	0.453299
64	0
65	0
66	0.0214916
67	0.397385
68	0
69	0
70	0.212175
71	0
72	0
73	0
74	0.000959969
75	0.00854064
76	0.000868436
77	0.138
78	0.100295
79	0
80	0
81	0
82	0.774401
83	0
84	0.0113276
85	0.350118
86	0.00230809
87	0.00377292
88	0.892966
89	0.382073
90	0.575379
91	0.0315355
92	0
93	0
94	0.0237131
95	0.583893
96	0.036006
97	0.254953
98	0.0107999
99	0
100	0.203653
101	0.36343
102	0
103	0
104	0.347815
105	0.433371
106	0
107	0.00714604
108	0.0158439
109	0.000348117
110	0
111	0.133405
112	0.0448937
113	0.507319
114	0
115	0.00124182
116	0.0117571
117	0.749565
118	0
119	0
120	0.0358511
121	0.249704
122	0
123	0
124	0.0442442
125	0
126	0
127	0.308779
128	0
129	0
130	0
131	0.00850683
132	0.0187809
133	0
134	0.000116039
135	0.00398569
136	0
137	0
138	0.0571212
139	0
140	0.0583318
141	0.0168855
142	0
143	0.000416035
144	0.0156616
145	0.000959969
146	0.00515541
147	0.0308764
148	0
149	0
150	0.0120764
151	0.00696162
152	0
153	0
154	0
155	0.792772
156	0
157	0
158	0.0110954
159	0
160	0
161	0
162	0.0860144
163	0.0446745
164	0
165	0.576208
166	0.391067
167	0.482335
168	0.0514863
169	0.153799
170	0.559879
171	0.722258
172	0.00643665
173	0.168858
174	0.000130269
175	0.0210691
176	0.128149
177	0.0417049
178	0.50374
179	0.342464
180	0.149524
181	0.137076
182	0.103863
183	0.762531
184	0.368995
185	0.154373
186	0.531384
187	0.778356
188	0.547644
189	0.131103
190	0.000116656
191	0.0179732
192	0.086251
193	0.505343
194	0.143679
195	0.270539
196	0
197	0
198	0.00100749
199	0.0004037
200	0.0320853
201	0.00190072
202	0
203	0
204	0.133026
205	0.00362639
206	0.0289426
207	0.00109938
208	0
209	0.000112036
210	0
211	0
212	0.000554587
213	0
214	0
215	0
216	0
217	0
218	0
219	0
220	0
221	0
222	0
223	0.000237805
224	0
225	0
226	0
227	0
228	0
229	0
230	0
231	0
232	0
233	0.00054848
234	0.216685
235	0
236	0
237	0
238	0
239	0
240	0.00164458
241	0
242	0
243	0.000336108
244	0.216589
245	0.00102639
246	0.115337
247	0.0103607
248	0.735655
249	0.661919
250	0
251	0.100562
252	0.00185491
253	0.706119
254	0.00098499
255	0.856957
256	0.760321
257	0.000631975
258	0.0526656
259	0
260	0
261	0
262	0.399933
263	0.282647
264	0
265	0.00162716
266	0.0328265
267	0
268	0
269	0.000147278
270	0.0582455
271	0
272	0.000553918
273	0
274	0.00189649
275	0.0129197
276	0
277	0
278	0
279	0
280	0.00056798
281	0
282	0.000130269
283	0
284	0.00988851
285	0.00546239
286	0.00956946
287	0
288	0
289	0
290	0
291	0.0498099
292	0.000255289
293	0.00024669
294	0.00023367
295	0.0017881
296	0.000184862
297	0.010888
298	0.00817291
299	0.304876
300	0.00134884
301	0.182133
302	0.0301462
303	0.00823792
304	0.00224115
305	0.0525486
306	0.000135916
307	0.00846032
308	0
309	0.13701
310	0.0477235
311	0
312	0
313	0.0273727
314	0.0225007
315	0.000231793
316	0
317	0.0521721
318	0.00082242
319	0.00719011
320	0
321	0.000184862
322	0.00730278
323	0
324	0
325	0.085005
326	0.00630209
327	0
328	0
329	0.000768146
330	0.000357262
331	0
332	0.0439262
333	0
334	0.0073737
335	0
336	0
337	0.339574
338	0
339	0
340	0
341	0.00532213
342	0.000242305
343	0.0187461
344	0.0038326
345	0.00679132
346	0.000973773
347	0.00740652
348	0.000593695
349	0.020899
350	0.324092
351	0.609235
352	0.156003
353	0
354	0
355	0
356	0.0638614
357	0.320257
358	0.00137844
359	0
360	0.00107556
361	0.0517336
362	0.000700863
363	0.24029
364	0
365	0.13373
366	0
367	0.0254874
368	0
369	0.000132159
370	0
371	0
372	0.112455
373	0
374	0
375	0.000184862
376	0.101397
377	0.000233787
378	0
379	0.0127795
380	0.302376
381	0.0460738
382	0.203144
383	0.180075
384	0.23073
385	0.419479
386	0.0211917
387	0.00541536
388	0
389	0.0017343
390	0.0727834
391	0.446643
392	0.0174283
393	0.0391168
394	0.156993
395	0.00326707
396	0.0422329
397	0.000934484
398	0.724352
399	0
400	0.306939
401	0.284662
402	0.0208283
403	0
404	0.0176991
405	0.0330621
406	0
407	0.0727343
408	0.00147209
409	0.0390631
410	0
411	0.0126074
412	0.0767547
413	0.348485
414	0.001985
415	0.0179361
416	0.0233119
417	0
418	0.0216764
419	0.577471
420	0.0375352
421	0.433133
422	0
423	0.0178987
424	0.264479
425	0.0980325
426	0.133024
427	0.818353
428	0.000684966
429	0.118524
430	0.064603
431	0
432	0
433	0
434	0.242625
435	0.204312
436	0.017096
437	0
438	0.560854
439	0.0191764
440	0
441	0.447215
442	0.22594
443	0
444	0.00207297
445	0.0394163
446	0.0197338
447	0.000887537
448	0.0589045
449	0.0474629
450	0.0713344
451	0
452	0.0332933
453	0.113814
454	0.0815593
455	0.0519063
456	0.00147454
457	0.389485
458	0.258088
459	0.116397
