aa_pos	var_aa_intermam
1	0
2	0
3	0
4	0
5	0.00481453
6	0
7	0.0011415
8	0.00084573
9	0
10	0.200919
11	0.188144
12	0.0982309
13	0
14	0.126284
15	0.00117304
16	0.00214087
17	0.0338141
18	0.013239
19	0.657174
20	0
21	0
22	0.0258353
23	0.126875
24	0.0814613
25	0
26	0.050762
27	0
28	0.0835943
29	0.0266669
30	0.00721279
31	0.166749
32	0.287842
33	0.0509793
34	0.538015
35	0.722342
36	0.25078
37	0
38	0.0701291
39	0.720463
40	0.601352
41	0.237755
42	0.273725
43	0.539955
44	0.827555
45	0.133103
46	0.154695
47	0.555684
48	0.0276243
49	0.260827
50	0
51	0
52	0.0924388
53	0.403689
54	0.112694
55	0
56	0
57	0
58	0.0596938
59	0.111189
60	0.00344114
61	0
62	0.0644776
63	0.269635
64	0
65	0.0377585
66	0.243124
67	0.0815386
68	0.0771437
