aa_pos	var_aa_intermam
1	0
2	0.0659208
3	0
4	0
5	0.081379
6	0
7	0.418336
8	0.0589485
9	0
10	0
11	0
12	0.159258
13	0
14	0
15	0
16	0
17	0
18	0.0093721
19	0.00847905
20	0
21	0
22	0.142593
23	0
24	0.000647555
25	0.149751
26	0.0105745
27	0.279616
28	0
29	0.00413892
30	0.0153709
31	0.0427394
32	0.602455
33	0.0333853
34	0
35	0.0111672
36	0
37	0.383522
38	0.242779
39	0.0728464
40	0.727521
41	0.843581
42	0.0454595
43	0.0559492
44	0.756577
45	0.30908
46	0.269879
47	0.331506
48	0.645833
49	0.266945
50	0.145177
51	0.689551
52	0.0421539
53	0
54	0.000988238
55	0.198828
56	0
57	0
58	0
59	0
60	0
61	0.224968
62	0.211964
63	0.0119394
64	0
65	0.631568
66	0
67	0.298183
68	0
69	0
70	0
71	0
72	0
73	0.37277
74	0.816997
75	0
76	0
77	0.031619
78	0.0749714
79	0
80	0
81	0
82	0
83	0
84	0.133819
85	0
86	0
87	0
88	0.403234
89	0
90	0
91	0.0814462
92	0.58371
93	0.00846199
94	0
95	0.580461
96	0
97	0.00896407
98	0
99	0
100	0.0372183
101	0
102	0
103	0
104	0
105	0
106	0
107	0.14806
108	0
109	0.0135942
110	0.297265
111	0.333509
112	0.00245717
113	0
114	0.122211
115	0.564382
116	0
117	0
118	0
119	0.174453
120	0
121	0.0240719
122	1
123	0.0210012
124	0
125	0.0159115
126	0
127	0.111096
128	0.0267595
129	0.0207732
130	0
131	0
132	0
133	0
134	0.000650335
135	0.134448
136	0.079019
137	0
138	0
139	0.00927318
140	0
141	0
142	0.00159675
143	0.100783
144	0.00703368
145	0
146	0
147	0.000311744
148	0
149	0
150	0.0250262
151	0.00558316
152	0.00473306
153	0.0275725
154	0.194395
155	0.552861
156	0.000675423
157	0.810549
158	0.712298
159	0.0741954
160	0.500309
161	0.0133583
162	0.0597185
163	0
164	0.714091
165	0.0951542
166	0
167	0
168	0.902027
169	0
170	0
171	0.665802
172	0
173	0.00537995
174	0
175	0.262634
176	0
177	0
178	0.266806
179	0.170029
180	0
181	0
182	0.372824
183	0
184	0.401032
185	0.535041
186	0
187	0.101293
188	0.00858433
189	0.0859323
190	0
191	0.0242139
192	0.226125
193	0
194	0
195	0
196	0
197	0
198	0
199	0.454734
200	0.046005
201	0
202	0
203	0
204	0
205	0
206	0.0416064
207	0
208	0
209	0.0169747
210	0
211	0
212	0.0935911
213	0.0691078
214	0
215	0
216	0.439215
217	0.173842
218	0
219	0.428615
220	0.737731
221	0.00719562
222	0.000299575
223	0.234018
224	0.764768
225	0.459515
226	0
227	0
228	0.00361512
229	0.0416305
230	0.812587
231	0.00581267
232	0
233	0.00254663
234	0
235	0.00587317
236	0.0112134
237	0.00798232
238	0
239	0.000647555
240	0
241	0
242	0
243	0
244	0.0103593
245	0.0100295
246	0.007277
247	0
248	0.0179738
249	0
250	0.0110502
251	0.00983882
252	0
253	0.00732833
254	0.104406
255	0.0155295
256	0.00582616
257	0.00732833
258	0.0241176
259	0.00746384
260	0.00679551
261	0.0862591
