aa_pos	var_aa_intermam
1	0
2	0.100972
3	0.436301
4	0.204998
5	0
6	0
7	0.0388574
8	0.184055
9	0
10	0
11	0
12	0
13	0
14	0
15	0
16	0
17	0
18	0.00627403
19	0
20	0.02516
21	0.105211
22	0
23	0
24	0.00775575
25	0
26	0
27	0
28	0.157269
29	0.231699
30	0.0118888
31	0.0663737
32	0.234592
33	0.0858395
34	0
35	0.167281
36	0
37	0
38	0.0124842
39	0.042188
40	0
41	0.0125398
42	0
43	0.0114602
44	0
45	0
46	0.473931
47	0.00980823
48	0.223638
49	0.0749685
50	0.143629
51	0.0102176
52	0.207724
53	0.119767
54	0.0104609
55	0
56	0
57	0.330928
58	0
59	0
60	0.0259109
61	0
62	0
63	0
64	0.0433879
65	0.00872374
66	0
67	0
68	0
69	0.00679063
70	0
71	0
72	0
73	0.101438
74	0.025491
75	0.0575386
76	0
77	0
78	0
79	0
80	0
81	0
82	0
83	0.0605885
84	0
85	0
86	0
87	0
88	0
89	0.0207389
90	0.0114825
91	0.0127795
92	0
93	0.00766166
94	0
95	0
96	0
97	0.135683
98	0
99	0
100	0
101	0
102	0
103	0.0125443
104	0
105	0
106	0
107	0
108	0
109	0.0755306
110	0
111	0
112	0
113	0.145174
114	0.0319594
115	0
116	0.117876
117	0.214999
118	0.0990417
119	0.0240098
120	0.0089195
121	0
122	0.0697182
123	0
124	0
125	0
126	0
127	0
128	0.00939998
129	0.012719
130	0
131	0
132	0
133	0.0081759
134	0.0236498
135	0
136	0.166836
137	0.175002
138	0
139	0.232821
140	0
141	0.0363713
142	0
143	0
144	0
145	0.0128569
146	0.207527
147	0.00782663
148	0
149	0
150	0
151	0
152	0
153	0
154	0
155	0.134876
156	0.0115169
157	0
158	0
159	0
160	0.0468503
161	0.0263253
162	0
163	0.0102223
164	0.0128968
165	0
166	0
167	0
168	0.0342158
169	0.00931866
170	0
171	0
172	0
173	0.0236831
174	0
175	0
176	0.19762
177	0.285322
178	0.0122768
179	0
180	0.0431928
181	0.043369
182	0
183	0
184	0.0124616
185	0
186	0
187	0
188	0.0469453
189	0.199217
190	0.120319
191	0
192	0
193	0.0475028
194	0
195	0
196	0
197	0
198	0.0435486
199	0
200	0.0115749
201	0.00443017
202	0
203	0
204	0
205	0
206	0
207	0
208	0
209	0
210	0
211	0
212	0
213	0
214	0
215	0.022133
216	0
217	0
218	0.00663761
219	0
220	0
221	0
222	0
223	0.0637464
224	0
225	0
226	0
227	0
228	0
229	0.0484572
230	0
231	0
232	0
233	0
234	0
235	0
236	0
237	0
238	0
239	0
240	0
241	0
242	0
243	0
244	0
245	0
246	0
247	0.0120281
248	0.0124549
249	0
250	0
251	0.012333
252	0
253	0.235689
254	0.0349669
255	0
256	0
257	0.0694078
258	0
259	0.0272102
260	0.051301
261	0
262	0.00882605
263	0.0728466
264	0
265	0.0114528
266	0
267	0
268	0
269	0
270	0
271	0
272	0
273	0
274	0.00918118
275	0
276	0
277	0
278	0.175551
279	0
280	0
281	0
282	0
283	0
284	0
285	0
286	0
287	0
288	0
289	0
290	0
291	0
292	0
293	0
294	0
295	0.0128226
296	0
297	0.199076
298	0
299	0
300	0
301	0
302	0.0127423
303	0
304	0.0122419
305	0
306	0
307	0
308	0
309	0
310	0
311	0
312	0
313	0
314	0
315	0
316	0
317	0
318	0.00443017
319	0
320	0
321	0
322	0
323	0
324	0
325	0
326	0
327	0
328	0
329	0
330	0.0594653
331	0.104788
332	0.0381086
333	0.0546694
334	0
335	0.0433902
336	0.0829377
337	0.00887074
338	0.154638
339	0.351572
340	0
341	0.00882605
342	0.00733016
343	0
344	0
345	0
346	0
347	0
348	0.0120789
349	0
350	0.0805143
351	0
352	0
353	0
354	0
355	0
356	0
357	0.0673017
358	0
359	0.231583
360	0
361	0
362	0
363	0
364	0.0214992
365	0.00469841
366	0.0605438
367	0
368	0
369	0
370	0
371	0.0104921
372	0
373	0
374	0
375	0
376	0
377	0
378	0
379	0
380	0
381	0
382	0
383	0
384	0
385	0
386	0
387	0
388	0
389	0
390	0.0459897
391	0.236523
392	0
393	0.0195846
394	0.220496
395	0
396	0
397	0
398	0
399	0
400	0.019324
401	0.21572
402	0
403	0.0416415
404	0.0575707
405	0.0353
406	0.522345
407	1
408	0.263877
409	0.239508
410	0.101825
411	0
412	0.277222
413	0.261107
414	0
415	0.829398
416	0.0719518
417	0.00636387
418	0
419	0.134713
420	0
421	0
422	0
423	0.290358
424	0
425	0
426	0
427	0
428	0
429	0
430	0
431	0
432	0
433	0
434	0.0174111
435	0
436	0
437	0
438	0
439	0
440	0
441	0
442	0
443	0
444	0
445	0.0101496
446	0
447	0
448	0
449	0.516089
450	0
451	0
452	0.267108
453	0.346687
454	0
455	0
456	0.23842
457	0
458	0
459	0.0212589
460	0.00671277
461	0
462	0.0188939
463	0.170423
464	0
465	0.0774519
466	0.347565
467	0.233839
468	0
469	0.278195
470	0.118333
471	0.388673
472	0.141914
473	0
474	0
475	0
476	0.00980823
477	0.0852798
478	0.0537519
479	0
480	0
481	0.240835
482	0.0175878
483	0.746126
484	0.657776
485	0.192154
486	0.642527
487	0.464091
488	0.311177
489	0.504871
490	0.150633
491	0.0174337
492	0.268497
493	0
494	0
495	0.048539
496	0.709883
497	0.0119092
498	0.0863445
499	0
500	0
501	0.0348706
502	0.0812236
503	0
504	0
505	0
506	0.0881637
507	0.115186
508	0.069727
509	0.500627
510	0.311047
511	0.20889
512	0.777373
513	0.842725
