aa_pos	var_aa_intermam
1	0
2	0.196361
3	0.294152
4	0.0540613
5	0.594038
6	0.361115
7	0.00113678
8	0.0764426
9	0.629849
10	0.889643
11	0.0051235
12	0
13	0.956067
14	0.493602
15	0.269378
16	0.137906
17	1
18	0
19	0.0560349
20	0.0013911
21	0.108461
22	0.0172137
23	0
24	0.00891819
25	0
26	0.00149702
27	0.00394004
28	0
29	0.160393
30	0
31	0
32	0
33	0
34	0
35	0.00118492
36	0
37	0.162351
38	0
39	0.171086
40	0.000187128
41	0.000674279
42	0.347619
43	0.211245
44	0.444731
45	0.498964
46	0.344044
47	0.751694
48	0.0835806
49	0
50	0.227474
51	0.778835
52	0.0253063
53	0.0961232
54	0.0384425
55	0.00391809
56	0.0209185
57	0.359439
58	0.0303875
59	0.295071
60	0
61	0.00558539
62	0.0354278
63	0.0394014
64	0
65	0
66	0.00292805
67	0
68	0
69	0
70	0
71	0.000458049
72	0.00078041
73	0.193902
74	0
75	0
76	0.242237
77	0
78	0
79	0.0141685
80	0.340288
81	0.105496
82	0
83	0.0269621
84	0.00992792
85	0.00135098
86	0
87	0.132795
88	0
89	0.0440769
90	0.00398468
91	0.00819123
92	0.0536178
93	0.000637861
94	0.00983939
95	0.000741676
96	0
97	0.0699693
98	0
