aa_pos	var_aa_intermam
1	0.0822555
2	0.388845
3	0.0473975
4	0.266398
5	0.119137
6	0.519612
7	0.0128103
8	0.349368
9	0.0458265
10	0.700368
11	0.0150288
12	0.006826
13	0.620472
14	0.0240319
15	0
16	0.302758
17	0.688101
18	0
19	0.0722445
20	0.269113
21	0.600197
22	0.268939
23	0.4604
24	0.73441
25	0.887038
26	0.783697
27	0.57418
28	0.0187534
29	0.666853
30	0.907802
31	0.297209
32	0.108338
33	0.00413104
34	0.495218
35	0.1776
36	0.000352577
37	0.000558245
38	0.00815091
39	0.339867
40	0.181069
41	0.184409
42	0.794119
43	0.0076308
44	0.000895632
45	0.474286
46	0.26421
47	0.011958
48	0.138799
49	0.102315
50	0.00262957
51	0.137199
52	0.076783
53	0.0618208
54	0.0662693
55	0.0554359
56	0.404252
57	0.103671
58	0.00612209
59	0.0388974
60	0.00586744
61	0.405341
62	0.265221
63	0.0110315
64	0.0017539
65	0.00292362
66	0
67	0.00185145
68	0
69	0.113316
70	0.0517792
71	0.11455
72	0.0321695
73	0.00524988
74	0.443509
75	0.0107577
76	0.00484498
77	0.0504247
78	0.0900926
79	0.00434152
80	0.00428179
81	0
82	0.0141403
83	0
84	0.0376869
85	0.00610946
86	0
87	0.199553
88	0.0641396
89	0.000895632
90	0.161099
91	0
92	0.0279935
93	0.0333927
94	0
95	0.000977934
96	0.00368287
97	0
98	0.00435186
99	0
100	0
101	0.0435168
102	0
103	0.000477299
104	0
105	0.0717569
106	0
107	0
108	0
109	0.116069
110	0.0996505
111	0.00106681
112	0
113	0.560881
114	0.00578588
115	0.00826212
116	0.227228
117	0
118	0.000447816
119	0
120	0
121	0
122	0
123	0.119204
124	0
125	0
126	0.00349208
127	0.000664326
128	0
129	0.0321728
130	0.0180415
131	0
132	0.00438693
133	0.000562192
134	0
135	0
136	0
137	0.0451779
138	0.000925115
139	0
140	0.00358253
141	0.00614593
142	0.0301209
143	0.00113266
144	0
145	0.00115009
146	0.00113266
147	0.000740882
148	0
149	0.0152639
150	0
151	0
152	0
153	0
154	0
155	0.000565181
156	0.026371
157	0
158	0
159	0.237882
160	0.00469333
161	0
162	0.337441
163	0.0010823
164	0
165	0
166	0
167	0
168	0
169	0.00707727
170	0
171	0
172	0.0507678
173	0.000445318
174	0
175	0
176	0
177	0.0160267
178	0
179	0
180	0.0340013
181	0
182	0.150453
183	0.0592903
184	0.0873713
185	0.17995
186	0.000315567
187	0.00696804
188	0.00123868
189	0
190	0.00773241
191	0.59839
192	0.0723884
193	0.103397
194	0.00041218
195	0.412342
196	0
197	0.128592
198	0.541704
199	0
200	0
201	0.000626275
202	0.0372926
203	0.395002
204	0.0203341
205	0.751298
206	0.178239
207	0.931203
208	0.475001
209	0.0653757
210	0.0830861
211	0.476482
212	0
213	0.00194854
214	0.221831
215	0.00629807
216	0.0199353
217	0.774326
218	0.000816578
219	0
220	0
221	0.130302
222	0
223	0
224	0
225	0
226	0
227	0.000895632
228	0.151866
229	0
230	0
231	0
232	0
233	0
234	0
235	0
236	0
237	0
238	0
239	0
240	0
241	0
242	0
243	0
244	0
245	0
246	0.000485072
247	0
248	0
249	0
250	0
251	0
252	0
253	0
254	0.00142289
255	0
256	0
257	0.039003
258	0.000977934
259	0
260	0.000565181
261	0.0226437
262	0
263	0
264	0.533834
265	0
266	0.0551051
267	0.141156
268	0.00140649
269	0.111526
270	0.015507
271	0.132217
272	0.695316
273	0.643794
274	0.0421295
275	0.00774982
276	0.319407
277	0.438607
278	0
279	0.023793
280	0.000542798
281	0
282	0.000389883
283	0.0703701
284	0
285	0.000562192
286	0.0269692
287	0
288	0.00196353
289	0
290	0.093889
291	0
292	0
293	0.000960435
294	0
295	0.04065
296	0
297	0
298	0.00064029
299	0
300	0
301	0.0422763
302	0.25551
303	0
304	0
305	0
306	0
307	0
308	0
309	0
310	0
311	0
312	0
313	0.0232255
314	0.00467976
315	0.0121322
316	0
317	0.0560438
318	0
319	0.00281712
320	0.0334462
321	0
322	0
323	0.350141
324	0
325	0.00991315
326	0.0312531
327	0.00236821
328	0
329	0.00123402
330	0
331	0.000601064
332	0
333	0
334	0
335	0
336	0
337	0
338	0.000542798
339	0
340	0
341	0.0659584
342	0.00125532
343	0.000779766
344	0
345	0.00745004
346	0.0150955
347	0
348	0
349	0.492204
350	0.000315567
351	0.0423696
352	0.443597
353	0
354	0
355	0
356	0.00225337
357	0
358	0
359	0
360	0
361	0.000448799
362	0.000343685
363	0.171111
364	0.0025272
365	0.379331
366	0.0429119
367	0
368	0.00185023
369	0.0222224
370	0.0275637
371	0.0320767
372	0.00886678
373	0.000542798
374	0.031454
375	0.107307
376	0
377	0.00535835
378	0.0206945
379	0
380	0
381	0.00537745
382	0
383	0.156418
384	0
385	0.000977934
386	0
387	0.0297882
388	0
389	0.00244483
390	0
391	0
392	0
393	0
394	0.0629328
395	0
396	0
397	0
398	0.612432
399	0.183338
400	0.00670474
401	0.053123
402	0
403	0.0856857
404	0.00646143
405	0
406	0.00162918
407	0.0417844
408	0
409	0
410	0.0118303
411	0.142374
412	0
413	0.000895632
414	0.162586
415	0
416	0.0247559
417	0
418	0.0201823
419	0
420	0
421	0.0813714
422	0
423	0
424	0.0043051
425	0
426	0.0254215
427	0.0591818
428	0.00114373
429	0.0389154
430	0.27637
431	0.00248801
432	0.0015395
433	0.134484
434	0.0179404
435	0
436	0
437	0.00364387
438	0.311622
439	0.255062
440	0.0422099
441	0.265961
442	0.795898
443	0.0045073
444	0.0386794
445	0
446	0.0331583
447	0.020105
448	0.141528
449	0.701804
450	0
451	0.441442
452	0
453	0.114926
454	0.00484841
455	0.00182512
456	0.00419988
457	0
458	0.314629
459	0.17134
460	0.00226452
461	0.000281096
462	0.0401588
463	0.0209303
464	0.00561255
465	0
466	0.076449
467	0.160878
468	0.025916
469	0.0243136
470	0.0298436
471	0.271138
472	0.0798349
473	0.0125157
474	0
475	0.424176
476	0.0751961
477	0.322134
478	0.118588
479	0.00651172
480	0.216333
481	0.00111973
482	0
483	0
484	0.945349
485	0.235044
486	0.00346596
487	0
488	0.46159
489	0.459215
490	0
491	0.137215
492	0.723621
493	0.200826
494	0.00246168
495	0.299
496	0.0574149
497	0.0394972
498	0.000895632
499	0.0679847
500	0.0176892
501	0.00298947
502	0.00239297
503	0.00160021
504	0.177382
505	0.213791
506	0.109053
507	0.246404
508	0.0313145
509	1
510	0.53764
511	0.00387807
512	0.0116012
513	0.193045
514	0.730784
515	0.476675
516	0.517464
517	0.198173
518	0.328786
519	0.864475
520	0.0323885
521	0.00997809
522	0
523	0
524	0.0919576
525	0.501855
526	0
527	0
528	0.0406076
529	0.623552
530	0
531	0.132956
532	0.0577502
533	0.146718
534	0
535	0
536	0.0462374
537	0.58127
538	0.0914609
539	0.280104
540	0.500376
541	0.241655
542	0
543	0.290693
544	0.0726194
545	0.0180801
546	0.000513544
547	0.00272084
548	0.124426
549	0.00279082
550	0.0297842
551	0.0610962
552	0.118544
553	0.0238256
554	0
555	0.118144
556	0.063752
557	0
558	0.0262118
559	0
560	0.479027
561	0.114227
562	0.0253184
563	0
564	0
565	0.0549846
566	0.397962
567	0.0902492
568	0.356229
569	0.631824
570	0.00421657
571	0.33208
572	0.0939849
573	0.379122
574	0.0865491
575	0.483403
576	0.476215
577	0.317849
578	0.0050955
579	0.425622
580	0
581	0.0655509
582	0
583	0.0063985
584	0.0338945
585	0
586	0.0469456
587	0
588	0.00230039
589	0.0651616
590	0.000281096
591	0.00142575
592	0.00452722
593	0.271418
594	0.00328695
595	0.0850009
596	0.570572
597	0.392173
598	0.0333972
599	0.495067
600	0.430866
601	0.0185189
602	0.00842947
603	0.0100012
