aa_pos	var_aa_intermam
1	0
2	0.00509868
3	0.000710025
4	0.205152
5	0.179374
6	0.428978
7	0.426363
8	0.447104
9	0.0568268
10	0.0612502
11	0.883057
12	0
13	0.619742
14	0.28909
15	0.498791
16	0.00798062
17	0
18	0.335097
19	0.0652277
20	0
21	0.0708566
22	0.0737138
23	0.000303094
24	0.00175653
25	0
26	0
27	0.0158009
28	0.31702
29	0.267508
30	0
31	0.0497067
32	0
33	0.0145812
34	0
35	0.0257843
36	0.00137279
37	0.0025255
38	0
39	0.222307
40	0.045441
41	0.00573825
42	0
43	0.0207192
44	0.0368035
45	0.0545063
46	0.525907
47	0.315981
48	0.183953
49	0.182691
50	0.00460263
51	0
52	0.0227831
53	0.0398357
54	0.00121991
55	0.00125372
56	0.213429
57	0.165456
58	0
59	0
60	0.0502007
61	0.0238744
62	0.0353453
63	0
64	0.0157781
65	0.00435147
66	0
67	0
68	0.0139778
69	0.00935736
70	0.0242533
71	0
72	0.0316783
73	0.00531524
74	0.239433
75	0.0361355
76	0.0616357
77	0
78	0.00238759
79	0.139048
80	0.153891
81	0.00476242
82	0.066254
83	0.00128774
84	0
85	0.00838708
86	0.111382
87	0.185422
88	0.213239
89	0.0398107
90	0.0782461
91	0.0771671
92	0.245959
93	0.720221
94	0.00560228
95	0.00723051
96	0.0507328
97	0.198112
98	0.0311953
99	0.0029771
100	0.0836775
101	0
102	0.00421776
103	0.485933
104	0.05136
105	0
106	0.000292638
107	0
108	0.0228842
109	0.0158222
110	0
111	0
112	0
113	0
114	0
115	0.0153334
116	0.000716315
117	0.000665327
118	0
119	0.00107447
120	0
121	0
122	0.0188178
123	0.288377
124	0.00175583
125	0.1581
126	0.0493965
127	0
128	0.0235932
129	0.0165364
130	0.000190084
131	0
132	0
133	0
134	0
135	0
136	0.000380168
137	0
138	0
139	0.0670424
140	0.00268196
141	0.0175179
142	0.0698778
143	0.00267461
144	0
145	0.0578111
146	0.892962
147	0.446287
148	0.131796
149	0.0612912
150	0.00369759
151	0.139368
152	0.469831
153	0.382978
154	0.0869457
155	0.137725
156	0.164386
157	0.438867
158	0.00844939
159	0.421435
160	0.0775157
161	0
162	0.0259712
163	0.101883
164	0.0500453
165	0
166	0.00122044
167	0
168	0.00305109
169	0
170	0
171	0
172	0
173	0
174	0
175	0.000442387
176	0.0455679
177	0
178	0
179	0.00263374
180	0
181	0.00105446
182	0
183	0
184	0
185	0.00358157
186	0
187	0.00709522
188	0
189	0
190	0
191	0.126402
192	0.0412965
193	0.159097
194	0.00588839
195	0.852572
196	0
197	0.0112982
198	0
199	0.0689567
200	0.0652011
201	0.362896
202	0.0888884
203	0
204	0.0442065
205	0.000482861
206	0.30289
207	0.0276984
208	0.000658132
209	0.0261373
210	0.147993
211	0.029756
212	0.000303094
213	0.0327247
214	0.00734716
215	0.00641855
216	0.000583592
217	0.621592
218	0.0474783
219	0.0141611
220	0.00922583
221	0.194244
222	0.0541619
223	0.00613675
224	0.031416
225	0.00217325
226	0.000355013
227	0.0654506
228	0.0108133
229	0.0581766
230	0.0010503
231	0.158989
232	0.132962
233	0.0227009
234	0.000660258
235	0.00143751
236	0.138937
237	0.757575
238	0
239	0.311086
240	0.106063
241	0.118882
242	0.605816
243	0.0282485
244	0.593813
245	0.00592461
246	0.719068
247	0.00630369
248	0.00115255
249	0.0910343
250	0
251	0.000585276
252	0.0043378
253	0
254	0
255	0
256	0
257	0
258	0.0572787
259	0
260	0
261	0.05748
262	0
263	0
264	0
265	0.0856827
266	0.0176861
267	0.00106504
268	0.0090665
269	0.00466911
270	0.157278
271	0.00121436
272	0.000399431
273	0.000521791
274	0.673784
275	0.487629
276	0.441919
277	0.00946309
278	0.0638279
279	0.00426397
280	0.031851
281	0.582434
282	0
283	0.0374289
284	0.131928
285	0.10716
286	0.00435948
287	0
288	0.00315788
289	0.00133331
290	0
291	0.0421667
292	0
293	0
294	0.155777
295	0
296	0
297	0.456274
298	0.00105446
299	0.0596936
300	0.00289602
301	0.338505
302	0
303	0
304	0.00234111
305	0.000514652
306	0
307	0.00279613
308	0.279272
309	0.000888873
310	0.0188804
311	0.0836538
312	0.00127566
313	0.00152431
314	0
315	0.00169941
316	0.0479957
317	0.00107552
318	0.652604
319	0.710449
320	0.189368
321	0.00779449
322	1
323	0.159846
324	0.272703
325	0.216104
326	0.0089366
327	0.0150962
328	0.0710284
329	0.0727058
330	0.748521
331	0.38298
332	0.173812
333	0
334	0.0287332
335	0.0515334
336	0.200041
337	0.0239205
338	0
339	0.00882122
340	0.00848772
341	0.00295493
342	0.394392
343	0.0326989
344	0.116245
345	0.439313
346	0.0260936
347	0.303007
