aa_pos	var_aa_intermam
1	0.00381189
2	0.210926
3	0.289603
4	0.246002
5	0.023947
6	0.232886
7	0.239928
8	0.747923
9	0.0727123
10	0.104258
11	0.399716
12	0.00114525
13	0.0608145
14	0.00516461
15	0.0187097
16	0
17	0.0321233
18	0
19	0
20	0.000539697
21	0.00220777
22	0
23	0.0431325
24	0
25	0
26	0
27	0.272736
28	0
29	0.000691207
30	0.00254198
31	0.000996032
32	0
33	0.653531
34	0
35	0
36	0
37	0
38	0.0215309
39	0.275027
40	0.000212458
41	0
42	0
43	0.150504
44	0
45	0.00376057
46	0.0188096
47	0
48	0
49	0.40198
50	0
51	0
52	0.00154682
53	0.331476
54	0
55	0
56	0.000589291
57	0.509826
58	0
59	0
60	0.000822592
61	0.00566297
62	0.14971
63	0
64	0.670224
65	0.0112657
66	0
67	0.00229388
68	0.673464
69	0.488951
70	0.00114479
71	0
72	0.188804
73	0.540795
74	0.036906
75	0
76	0.15754
77	0.0427709
78	0
79	0.00242864
80	0.604206
81	0.00177502
82	0.00151835
83	0.00319332
84	0.0561935
85	0.0139513
86	0
87	0.377337
88	0
89	0.00184157
90	0
91	0.000327084
92	0
93	0.604057
94	0.0125419
95	0
96	0.0690604
97	0.0783028
98	0.0167157
99	0
100	0.00242459
101	0.0890319
102	0.131366
103	0
104	0.00094447
105	0.118933
106	0
107	0.0150338
108	0.0974202
109	0.00121576
110	0.00119442
111	0
112	0.0724886
113	0
114	0.00343197
115	0.00154805
116	0
117	0
118	0
119	0
120	0
121	0
122	0.0293376
123	0
124	0.023894
125	0.021301
126	0.022064
127	0
128	0
129	0.00139011
130	0.000976064
131	0
132	0
133	0.00728258
134	0
135	0
136	0.000440695
137	0
138	0
139	0.000996032
140	0.000265573
141	0
142	0
143	0
144	0.000859125
145	0.00325671
146	0.00171526
147	0.0167967
148	0.000255428
149	0
150	0.00426569
151	0.0118505
152	0.0165076
153	0.130322
154	0.00296134
155	0.110886
156	0.065987
157	0.258512
158	0
159	0.000863303
160	0.280812
161	0.106279
162	0.00381813
163	0.264307
164	0.111542
165	0.00124985
166	0.337617
167	0.477624
168	0.00245519
169	0
170	0.000511312
171	1
172	0.797479
173	0
174	0.119356
175	0.268437
176	0.60512
177	0.198968
178	0.487457
179	0
180	0
181	0.00216597
182	0.0708085
183	0.000784356
184	0
185	0
186	0.00934385
187	0.0583184
188	0
189	0
190	0
191	0
192	0
193	0
194	0.000383595
195	0
196	0.00430317
197	0
198	0.000818429
199	0
200	0
201	0.0185637
202	0.0012997
203	0
204	0
205	0
206	0
207	0
208	0
209	0
210	0
211	0
212	0.0207216
213	0.00260591
214	0
215	0
216	0.0144822
217	0.0682842
218	0
219	0.0492904
220	0
221	0
222	0.0557499
223	0
224	0
225	0.371241
226	0
227	0
228	0
229	0.0798222
230	0
231	0.00710423
232	0.0020402
233	0.00568147
234	0
235	0
236	0.578672
237	0.526793
238	0.0141081
239	0.24332
240	0.495271
241	0.00110384
242	0.000134924
243	0.453569
244	0.00161073
245	0.128746
246	0.405836
247	0.0915382
248	0.7404
249	0.0920947
250	0.916245
251	0.646254
252	0.109374
253	0.0242783
254	0.0221996
255	0.35398
256	0.234571
257	0.425714
258	0.0191723
259	0.314776
260	0.48331
261	0.548572
262	0.00381441
263	0.531868
264	0.0424661
265	0.305038
266	0.00107939
267	0.0147846
268	0.56961
269	0.59013
270	0.00140175
271	0
272	0.00129353
273	0.0432084
274	0.00130428
275	0.0026237
276	0.00352442
277	0.0017782
278	0
279	0.00130027
280	0.00168119
281	0
282	0
283	0
284	0
285	0
286	0
287	0.0485769
288	0
289	0.00015197
290	0
291	0
292	0.459213
293	0
294	0
295	0
296	0.0023904
297	0
298	0
299	0.00174575
300	0.0771488
301	0.0012314
302	0.00238232
303	0.00522885
304	0.0409512
305	0.255299
306	0.285772
307	0.195381
308	0.00530839
309	0.0486836
310	0.873037
311	0.663344
312	0.551136
313	0.493436
314	0.00898981
315	0.000350323
316	0
317	0.0516086
318	0.134456
