aa_pos	var_aa_intermam
1	0.102452
2	0.626881
3	0.00302262
4	0.126199
5	0.0974456
6	0.0573605
7	0.0744984
8	0.0593381
9	0.00505821
10	0.37794
11	0.187967
12	0.000276523
13	0.00405094
14	0.610874
15	0.357046
16	0.0135102
17	0.0395168
18	0.138936
19	0.0183823
20	0.0588699
21	0.038699
22	0
23	0
24	0.025152
25	0
26	0
27	0
28	0
29	0
30	0.190013
31	0.336011
32	0
33	0.00433692
34	0.0673253
35	0.0966545
36	0
37	0.259556
38	0.100049
39	0
40	0
41	0.155148
42	0.0192648
43	0.0439363
44	0.0296868
45	0.243239
46	0.0849866
47	0.000421357
48	0
49	0.00529235
50	0
51	0.0031627
52	0
53	0.000611599
54	0.000252962
55	0.00188843
56	0
57	0.00288134
58	0.0587463
59	0
60	0
61	0
62	0
63	0
64	0.220498
65	0.000240764
66	0
67	0
68	0
69	0
70	0
71	0.0228334
72	0
73	0.00580267
74	0
75	0.0874591
76	0.0334063
77	0.235358
78	0
79	0
80	0
81	0.416311
82	0.000823239
83	0.360011
84	0.024444
85	0.179644
86	0.0724942
87	0.746901
88	0.0218102
89	0.0286343
90	0.147702
91	0.312478
92	0.019345
93	0.327608
94	0.464196
95	0.000259081
96	0.186483
97	0.210885
98	0.338781
99	0
100	0.815976
101	0.763669
102	0.19727
103	0.287855
104	0.815616
105	0.0318948
106	0.192524
107	0.0884086
108	0.125942
109	0.510325
110	1
111	0.182582
112	0.00762899
113	0.280228
114	0.257445
115	0.0517212
116	0.167831
117	0.909216
118	0.00458833
119	0.0103453
120	0.0106868
121	0.540619
122	0.00672804
123	0.0109127
124	0.00143974
125	0.00899563
126	0.0391819
127	0.00585689
128	0.00248588
129	0.00509056
130	0.00288902
131	0.00771805
132	0.010976
133	0.0029446
134	0.0357067
135	0.00284473
136	0.0018233
137	0.00109273
138	0
139	0.00658052
140	0.00144878
141	0.00038673
142	0.0155458
143	0.00172137
144	0.00156659
145	0.000378302
146	0
147	0.00399316
148	0.00120852
149	0.000409519
150	0.00737859
151	0
152	0.00366959
153	0.00329828
154	0.172475
155	0.00949931
156	0.0322488
157	0
158	0.0343443
159	0
160	0.000646472
161	0.232748
162	0.0846338
163	0.0423169
164	0.00110609
165	0.23052
166	0.00272947
167	0.0204365
168	0.00074533
169	0.000392679
170	0.156031
171	0.00164111
172	0.000402704
173	0.000779861
174	0.0146255
