aa_pos	var_aa_intermam
1	0
2	0.166746
3	0.0639178
4	0.00632625
5	0.972576
6	0.065945
7	0.218473
8	0.00149514
9	0.566496
10	0
11	0
12	0.000954235
13	0.285591
14	0.00060495
15	0
16	0.0780672
17	0
18	0
19	0
20	0
21	0.207474
22	0.692527
23	0
24	0
25	0
26	0.00131497
27	0.250916
28	0.00468581
29	0
30	0.00981891
31	0.118011
32	0.0452516
33	0.0130706
34	0.00680905
35	0.0025721
36	0.0988766
37	0.0084733
38	0.00605793
39	0
40	0
41	0.203086
42	0.00195451
43	0.383128
44	0.332406
45	0.00462889
46	0
47	0.016864
48	0.0224025
49	0.182598
50	0.0081782
51	0.0508103
52	0.0167052
53	0.0527527
54	0.196679
55	0.0254336
56	0.0242745
57	0.132987
58	0
59	0
60	0.157714
61	0.0350791
62	0
63	0.0241484
64	0.193545
65	0
66	0
67	0.0777866
68	0.0404598
69	0
70	0
71	0.319594
72	0
73	0
74	0.0529561
75	0.432994
76	0
77	0
78	0
79	0
80	0
81	0
82	0
83	0
84	0
85	0
86	0.0120513
87	0.00551217
88	0
89	0
90	0.0598119
91	0.141514
92	0.184815
93	0
94	0.562652
95	0.0694101
96	0
97	0.0761614
98	0
99	0.110397
100	0.0887457
101	0
102	0
103	0
104	0
105	0
106	0
107	0.0117201
108	0
109	0
110	0
111	0
112	0
113	0.0195258
114	0.121296
115	0.240428
116	0.0162837
117	0.935297
118	0
119	0
120	0
121	0
122	0
123	0.185075
124	0
125	0.0429985
126	0.890509
127	0.757309
128	0
129	0.232804
130	0.0188317
131	0
132	0.355415
133	0.0543254
134	0
135	0
136	0
137	0.00259493
138	0.000611407
139	0
140	0
141	0
142	0.258654
143	0.0336489
144	0
145	0
146	0.127237
147	0.265751
148	0.361973
149	0.483815
150	0.103872
151	0
152	0.156128
153	0
154	0.245773
155	0.0363946
156	0
157	0.000397178
158	0
159	0
160	0.00756039
161	0
162	0.0744842
163	0
164	0.0568691
165	0.0690506
166	0
167	0.0058542
168	0.00918801
169	0
170	0.0689653
171	0
172	0.0199934
173	0
174	0
175	0.0646887
176	0
177	0
178	0
179	0
180	0
181	0
182	0.319446
183	0.0491029
184	0.194782
185	0.488891
186	0.456843
187	0.513145
188	0
189	0.0180031
190	0
191	0.097348
192	0.658488
193	0
194	0
195	0
196	0
197	0
198	0
199	0.00562485
200	0
201	0
202	0.0512382
203	0
204	0
205	0
206	0.000741553
207	0
208	0
209	0
210	0
211	0.0795345
212	0
213	0.367712
214	0.0785118
215	0.133569
216	0.0385069
217	1
218	0.973563
219	0
220	0.0208154
221	0.644153
222	0
223	0.152549
224	0.711968
225	0.218195
226	0.0752535
227	0.448577
