aa_pos	var_aa_intermam
1	0
2	0.229275
3	0.0806658
4	0.147172
5	0
6	0
7	0.37138
8	0.0010988
9	0.00302323
10	0.000699513
11	0.510679
12	0
13	0.0411489
14	0.343991
15	0.0151049
16	0.60961
17	0.487237
18	0.143755
19	0.0559511
20	0
21	0
22	0
23	0.383625
24	0
25	0.0522787
26	0.0352346
27	0.00157399
28	0
29	0.344782
30	0.0226797
31	0
32	0
33	0.000347634
34	0
35	0
36	0
37	0.00150341
38	0.0179983
39	0.387889
40	0
41	0
42	0.300499
43	0.288262
44	0
45	0.00862723
46	0.157099
47	0
48	0
49	0.0129853
50	0.0274316
51	0
52	0.00134479
53	0
54	0.0389472
55	0
56	0.0591403
57	0.565464
58	0.00135869
59	0.0114961
60	0.658344
61	0.00976575
62	0
63	0
64	0.118895
65	0
66	0.0294894
67	0.27939
68	0
69	0.00947532
70	0.00107614
71	0
72	0
73	0
74	0.0175634
75	0.019907
76	0
77	0
78	0.416676
79	0.0514914
80	0
81	0.00305814
82	0.346618
83	0
84	0.00919679
85	0
86	0
87	0
88	0
89	0.0374957
90	0.0010429
91	0
92	0.030629
93	0.00561654
94	0.0010471
95	0.524635
96	0.516436
97	0
98	0.165178
99	0
100	0
101	0
102	0.206279
103	0
104	0
105	0
106	0.000717294
107	0.0663793
108	0.560134
109	0.232357
110	0.823194
111	0.0279218
112	0
113	0
114	0
115	0.143705
116	0
117	0.225114
118	0.296944
119	0.00129755
120	0
121	0.38519
122	0.46071
123	0.543371
124	0
125	0.000257854
126	0
127	0
128	0
129	0.353307
130	0
131	0
132	4.56E-05
133	0
134	0
135	0
136	0
137	0
138	0
139	0
140	0.000347634
141	0
142	0.0202378
143	0
144	0
145	0
146	0
147	0
148	0
149	0
150	0.000303769
151	0
152	0.00957206
153	0.00625809
154	0
155	0
156	0.0329918
157	0
158	0.0622966
159	0.794031
160	0.00182514
161	0
162	0.0216351
163	0
164	0.0160591
165	0
166	0
167	0
168	0.00127236
169	0.000907984
170	0
171	0.0017252
172	0.00258435
173	0.00226959
174	0.00694982
175	0
176	0.00117476
177	0.00112065
178	0
179	0
180	0.0362117
181	0.0391834
182	0
183	0
184	0.0471577
185	0.10224
186	0
187	0
188	0.0484396
189	0.0659987
190	0.698915
191	0.0344674
192	0.0646759
193	0.393682
194	0.721582
195	0.16841
196	0
197	0
198	0.0378635
199	0
200	0
201	0
202	0.000694133
203	0.0179158
204	0
205	0
206	0.000639941
207	0
208	0
209	0.33558
210	0
211	0.171541
212	0.887517
213	0.0157608
214	0.407892
215	0.783071
216	0.0185401
217	0.286461
218	0.0138233
219	0.00217841
220	0.00108897
221	0.016734
222	0
223	0.0118198
224	0.0582818
225	0.00933651
226	0.0652775
227	0
228	0
229	0.204196
230	0.0113685
231	0
232	0.757172
233	0.276669
234	0.416395
235	0.169822
236	0.339664
237	0.17181
238	1
239	0.0373721
240	0.43358
241	0.702894
242	0
243	0.208023
244	0.0174288
245	0.0213886
246	0.653443
247	0
248	0.0010963
249	0.0847948
250	0
251	0.00514379
252	0.00194898
253	0
254	0.0199081
255	0.00109499
256	0.00218078
257	0.22818
258	0.000606626
259	0
260	0.00158354
261	0.00121513
262	0
263	0.407215
264	0
265	0
266	0.268422
267	0
268	0
269	0.0027323
270	0
271	0
272	0
273	0.0152915
274	0
275	0
276	0
277	0.00162135
278	0
279	0.00131372
280	0
281	0
282	0
283	0
284	0.0127507
285	0
286	0.0118965
287	0
288	0.0178052
289	0
290	0
291	0.000405586
292	0.0529994
293	0
294	0
295	0.519018
296	0.683848
297	0
298	0.000721835
299	0.00924041
300	0.116487
301	0
302	0.772638
303	0.629371
304	0.559694
305	0
306	0.655539
307	0.0364344
308	0.17182
309	0.200916
310	0.0599565
311	0.0374431
312	0.00344331
313	0.0298641
314	0.285766
315	0.0468256
316	0.111658
317	0
318	0.000152598
319	0
320	0.730623
321	0.0359592
322	0
323	0.367807
324	0.290062
325	0.0549189
326	0.00193012
327	0.631952
328	0
329	0.249483
330	0.0191199
331	0.107415
332	0.0408117
333	0.150347
334	0.113696
335	0
336	0
337	0
338	0.000464754
339	0
340	0.0218782
341	0
342	0
343	0
344	0.0207241
345	0.39749
346	0
347	0.618611
348	0.134904
349	0.380177
350	0.0850314
351	0
352	0
353	0.211221
354	0
355	0
356	0.0821984
357	0.47959
358	0
359	0
360	0.758175
361	0.48535
362	0.244715
363	0.0289366
364	0.241412
365	0.284397
366	0.0255749
367	0
368	0.699863
369	0.687385
370	0.541237
371	0.700137
372	0.136359
373	0
374	0.0228235
375	0.740817
376	0.150148
377	0.107715
378	0.0235722
379	0.0536191
380	0.164062
