aa_pos	var_aa_intermam
1	0.00263187
2	0.0149778
3	0.278284
4	0.242615
5	0.287103
6	0.399781
7	0.00782624
8	0.193429
9	0.136362
10	0.00124612
11	0.924992
12	0.518751
13	0.00290319
14	0.248455
15	0.580412
16	0.0636957
17	0.016955
18	0.196717
19	0.735381
20	0.00776393
21	0.000907781
22	0
23	0.000865279
24	0.00202211
25	0
26	0.00312338
27	0.0369396
28	0.00472485
29	0.714923
30	0
31	0.415849
32	0.0705642
33	0
34	0.235806
35	0.0149959
36	0.000252866
37	0
38	0
39	0
40	0
41	0
42	0
43	0
44	0.00942871
45	0.0769937
46	0.00533833
47	0
48	0.000558164
49	0.00310127
50	0
51	0
52	0.000505731
53	0.0107806
54	0
55	0
56	0
57	0
58	0.0263679
59	0
60	0
61	0
62	0
63	0
64	0
65	0
66	0
67	0
68	0
69	0
70	0.0283184
71	0.00861333
72	0
73	0
74	0.00303439
75	0
76	0
77	0
78	0.00328559
79	0.503249
80	0.000717424
81	0.0419864
82	0.794502
83	0.387355
84	0.0112204
85	1
86	0.0857933
87	0.011973
88	0.00558322
89	0.339121
90	0.10693
91	0.0364532
92	0.00548759
93	0.666305
94	0.00229387
95	0.0710194
96	0.944085
97	0.00152135
98	0.000252764
99	0.00434106
100	0.696083
101	0.00476977
102	0
103	0.0110516
104	0
105	0
106	0
107	0.070912
108	0.139856
109	0.092767
110	0
111	0
112	0.00425869
113	0
114	0.35275
115	0.211389
